31111111111111111111111111111111111111111111111111111111111111111111111111111111111111111111111111114
20000000000000000000000000000000000000000000000000000000000000000000000000000000000000000000000000002
20000000000000000000000000000000000000000000000000000000000000000000000000000000000000000000000000002
20000000000000000000000000000000000000000000000000000000000000000000000000000000000000000000000000002
20000000000000000000000000000000000000000000000000000000000000000000000000000000000000000000000000002
20000000000000000000000000000000000000000000000000000000000000000000000000000000000000000000000000002
20000000000000000000000000000000000000000000000000000000000000000000000000000000000000000000000000002
20000000000000000000000000000000000000000000000000000000000000000000000000000000000000000000000000002
20000000000000000000000000000000000000000000000000000000000000000000000000000000000000000000000000002
20000000000000000000000000000000000000000000000000000000000000000000000000000000000000000000000000002
61111111111111111111111111111111111111111111111111111111111111111111111111111111111111111111111111115
